25 70 3
4
3
25
2 1 10
3 1 2
4 2 2
5 2 2
6 5 2
7 5 1
8 6 2
9 7 1
10 7 2
11 8 2
12 8 2
13 1 2
14 3 2
15 12 1
16 9 3
17 12 3
18 7 2
19 4 3
20 6 3
21 6 1
22 13 1
23 20 1
24 22 2
25 11 1
18 19 2
22 17 1
13 4 1
23 15 2
20 14 3
5 4 2
13 6 2
3 19 3
1 5 2
24 20 1
17 18 2
7 4 1
24 17 2
9 14 2
5 23 1
6 1 3
3 16 1
3 24 2
16 10 3
13 9 1
21 1 2
16 2 3
23 13 2
4 21 3
22 16 1
3 15 3
6 19 1
22 2 2
19 5 2
6 4 1
11 7 2
12 11 3
4 12 2
3 21 1
16 7 1
18 23 1
17 14 3
3 17 2
16 11 3
21 19 1
21 15 3
19 22 1
21 9 1
1 11 3
17 6 1
1 10 3
